0.01001,0.0723403
0.02001,0.145282
0.03001,0.218882
0.04001,0.293123
0.05001,0.36798
0.06001,0.443427
0.07001,0.519431
0.08001,0.595959
0.09001,0.672969
0.10001,0.750422
0.11001,0.828271
0.12001,0.906467
0.13001,0.984959
0.14001,1.06369
0.15001,1.14261
0.16001,1.22166
0.17001,1.30077
0.18001,1.37988
0.19001,1.45893
0.20001,1.53784
0.21001,1.61655
0.22001,1.69499
0.23001,1.77307
0.24001,1.85074
0.25001,1.9279
0.26001,2.00448
0.27001,2.0804
0.28001,2.15558
0.29001,2.22994
0.30001,2.30339
0.31001,2.37584
0.32001,2.44721
0.33001,2.51741
0.34001,2.58635
0.35001,2.65393
0.36001,2.72008
0.37001,2.78468
0.38001,2.84765
0.39001,2.90889
0.40001,2.9683
0.41001,3.02579
0.42001,3.08125
0.43001,3.13458
0.44001,3.18568
0.45001,3.23445
0.46001,3.28077
0.47001,3.32455
0.48001,3.36568
0.49001,3.40403
0.50001,3.43952
0.51001,3.47201
0.52001,3.50141
0.53001,3.52758
0.54001,3.55042
0.55001,3.56981
0.56001,3.58562
0.57001,3.59773
0.58001,3.60602
0.59001,3.61037
0.60001,3.61064
0.61001,3.6067
0.62001,3.59842
0.63001,3.58568
0.64001,3.56832
0.65001,3.54622
0.66001,3.51923
0.67001,3.4872
0.68001,3.45
0.69001,3.40747
0.70001,3.35946
0.71001,3.30581
0.72001,3.24638
0.73001,3.18099
0.74001,3.10949
0.75001,3.0317
0.76001,2.94746
0.77001,2.8566
0.78001,2.75892
0.79001,2.65427
0.80001,2.54244
0.81001,2.42325
0.82001,2.2965
0.83001,2.162
0.84001,2.01955
0.85001,1.86893
0.860009,1.70994
0.870009,1.54235
0.880009,1.36595
0.890009,1.18051
0.900009,0.985797
0.910009,0.781569
0.920009,0.567583
0.930009,0.343589
0.940009,0.109329
0.950009,-0.135458
0.960009,-0.391044
0.970009,-0.657705
0.980009,-0.935724
0.990009,-1.22539
1.00001,-1.52701
1.01001,-1.84088
1.02001,-2.16732
1.03001,-2.50664
1.04001,-2.85919
1.05001,-3.22529
1.06001,-3.6053
1.07001,-3.99957
1.08001,-4.40846
1.09001,-4.83236
1.10001,-5.27165
1.11001,-5.72671
1.12001,-6.19796
1.13001,-6.68581
1.14001,-7.19069
1.15001,-7.71303
1.16001,-8.25327
1.17001,-8.81189
1.18001,-9.38934
1.19001,-9.9861
1.20001,-10.6027
1.21001,-11.2396
1.22001,-11.8973
1.23001,-12.5764
1.24001,-13.2774
1.25001,-14.0009
1.26001,-14.7474
1.27001,-15.5175
1.28001,-16.3119
1.29001,-17.131
1.30001,-17.9756
1.31001,-18.8463
1.32001,-19.7437
1.33001,-20.6686
1.34001,-21.6215
1.35001,-22.6032
1.36001,-23.6143
1.37001,-24.6557
1.38001,-25.7281
1.39001,-26.8321
1.40001,-27.9686
1.41001,-29.1384
1.42001,-30.3423
1.43001,-31.581
1.44001,-32.8554
1.45001,-34.1664
1.46001,-35.5147
1.47001,-36.9014
1.48001,-38.3273
1.49001,-39.7932
1.50001,-41.3001
1.51001,-42.8489
1.52001,-44.4406
1.53001,-46.0762
1.54001,-47.7565
1.55001,-49.4827
1.56001,-51.2557
1.57001,-53.0764
1.58001,-54.946
1.59001,-56.8655
1.60001,-58.836
1.61001,-60.8584
1.62001,-62.9338
1.63001,-65.0634
1.64001,-67.2483
1.65001,-69.4894
1.66001,-71.788
1.67001,-74.1452
1.68001,-76.562
1.69001,-79.0396
1.70001,-81.5791
1.71001,-84.1817
1.72001,-86.8484
1.73001,-89.5805
1.74001,-92.3791
1.75001,-95.2452
1.76001,-98.1801
1.77001,-101.185
1.78001,-104.261
1.79001,-107.408
1.80001,-110.629
1.81001,-113.925
1.82001,-117.296
1.83001,-120.743
1.84001,-124.268
1.85001,-127.871
1.86001,-131.554
1.87001,-135.318
1.88001,-139.163
1.89001,-143.091
1.90001,-147.102
1.91001,-151.198
1.92001,-155.378
1.93001,-159.645
1.94001,-163.999
1.95001,-168.441
1.96001,-172.97
1.97001,-177.589
1.98001,-182.297
1.99001,-187.096
2.00001,-191.985
2.01001,-196.965
2.02001,-202.037
2.03001,-207.2
2.04001,-212.455
2.05001,-217.802
2.06001,-223.242
2.07001,-228.773
2.08001,-234.397
2.09001,-240.112
2.10001,-245.919
2.11001,-251.817
2.12001,-257.806
2.13001,-263.885
2.14001,-270.052
2.15001,-276.308
2.16001,-282.652
2.17001,-289.081
2.18001,-295.596
2.19001,-302.193
2.20001,-308.873
2.21001,-315.632
2.22001,-322.47
2.23001,-329.383
2.24001,-336.37
2.25001,-343.429
2.26001,-350.555
2.27001,-357.747
2.28001,-365.001
2.29001,-372.315
2.30001,-379.683
2.31001,-387.103
2.32001,-394.571
2.33001,-402.081
2.34001,-409.63
2.35001,-417.213
2.36001,-424.823
2.37001,-432.457
2.38001,-440.107
2.39001,-447.768
2.40001,-455.433
2.41001,-463.096
2.42001,-470.749
2.43001,-478.384
2.44001,-485.994
2.45001,-493.57
2.46001,-501.104
2.47001,-508.586
2.48001,-516.007
2.49001,-523.357
2.50001,-530.624
2.51001,-537.798
2.52001,-544.868
2.53001,-551.821
2.54001,-558.645
2.55001,-565.327
2.56001,-571.852
2.57001,-578.207
2.58001,-584.377
2.59001,-590.347
2.60001,-596.1
2.61001,-601.619
2.62001,-606.888
2.63001,-611.887
2.64001,-616.599
2.65001,-621.003
2.66001,-625.079
2.67001,-628.807
2.68001,-632.165
2.69001,-635.129
2.70001,-637.676
2.71001,-639.783
2.72001,-641.423
2.73001,-642.57
2.74001,-643.199
2.75001,-643.279
2.76001,-642.783
2.77001,-641.681
2.78001,-639.941
2.79001,-637.531
2.80001,-634.418
2.81001,-630.568
2.82001,-625.946
2.83001,-620.515
2.84001,-614.236
2.85001,-607.072
2.86001,-598.981
2.87001,-589.922
2.88001,-579.853
2.89001,-568.728
2.90001,-556.503
2.91001,-543.13
2.92001,-528.56
2.93001,-512.744
2.94001,-495.63
2.95001,-477.166
2.96001,-457.295
2.97001,-435.963
2.98001,-413.11
2.99001,-388.677
3.00001,-362.603
3.01001,-334.824
3.02001,-305.276
3.03001,-273.89
3.04001,-240.599
3.05001,-205.331
3.06001,-168.014
3.07001,-128.572
3.08001,-86.9285
3.09001,-43.0041
3.10001,3.28244
3.11001,52.0148
3.12001,103.279
3.13001,157.163
3.14001,213.758
3.15001,273.157
3.16001,335.455
3.17001,400.75
3.18001,469.144
3.19001,540.739
3.20001,615.642
3.21001,693.962
3.22001,775.809
