0.01001,0.072339
0.02001,0.145273
0.03001,0.218853
0.04001,0.293057
0.05001,0.367855
0.06001,0.443216
0.07001,0.519104
0.08001,0.59548
0.09001,0.672304
0.10001,0.749529
0.11001,0.82711
0.12001,0.904995
0.13001,0.983134
0.14001,1.06147
0.15001,1.13995
0.16001,1.21852
0.17001,1.29711
0.18001,1.37566
0.19001,1.45412
0.20001,1.53241
0.21001,1.61047
0.22001,1.68824
0.23001,1.76565
0.24001,1.84263
0.25001,1.91911
0.26001,1.99503
0.27001,2.0703
0.28001,2.14486
0.29001,2.21864
0.30001,2.29157
0.31001,2.36357
0.32001,2.43457
0.33001,2.5045
0.34001,2.57327
0.35001,2.64083
0.36001,2.70709
0.37001,2.77197
0.38001,2.83541
0.39001,2.89733
0.40001,2.95764
0.41001,3.01628
0.42001,3.07317
0.43001,3.12823
0.44001,3.18139
0.45001,3.23256
0.46001,3.28167
0.47001,3.32865
0.48001,3.37341
0.49001,3.41587
0.50001,3.45596
0.51001,3.4936
0.52001,3.52871
0.53001,3.5612
0.54001,3.591
0.55001,3.61803
0.56001,3.6422
0.57001,3.66343
0.58001,3.68164
0.59001,3.69674
0.60001,3.70865
0.61001,3.71729
0.62001,3.72256
0.63001,3.72438
0.64001,3.72266
0.65001,3.71731
0.66001,3.70824
0.67001,3.69536
0.68001,3.67857
0.69001,3.65777
0.70001,3.63288
0.71001,3.60379
0.72001,3.5704
0.73001,3.53261
0.74001,3.49032
0.75001,3.44341
0.76001,3.39178
0.77001,3.33532
0.78001,3.27392
0.79001,3.20745
0.80001,3.1358
0.81001,3.05884
0.82001,2.97646
0.83001,2.88852
0.84001,2.7949
0.85001,2.69544
0.860009,2.59003
0.870009,2.47851
0.880009,2.36074
0.890009,2.23656
0.900009,2.10583
0.910009,1.96838
0.920009,1.82405
0.930009,1.67266
0.940009,1.51405
0.950009,1.34803
0.960009,1.17442
0.970009,0.993033
0.980009,0.803663
0.990009,0.606112
1.00001,0.400167
1.01001,0.185618
1.02001,-0.0377617
1.03001,-0.2702
1.04001,-0.511933
1.05001,-0.763207
1.06001,-1.02427
1.07001,-1.29539
1.08001,-1.57682
1.09001,-1.86885
1.10001,-2.17175
1.11001,-2.48583
1.12001,-2.81139
1.13001,-3.14873
1.14001,-3.49817
1.15001,-3.86006
1.16001,-4.23472
1.17001,-4.62252
1.18001,-5.0238
1.19001,-5.43895
1.20001,-5.86834
1.21001,-6.31237
1.22001,-6.77145
1.23001,-7.24599
1.24001,-7.73641
1.25001,-8.24317
1.26001,-8.76671
1.27001,-9.3075
1.28001,-9.86602
1.29001,-10.4427
1.30001,-11.0382
1.31001,-11.6529
1.32001,-12.2873
1.33001,-12.9421
1.34001,-13.6177
1.35001,-14.3147
1.36001,-15.0338
1.37001,-15.7754
1.38001,-16.5403
1.39001,-17.3291
1.40001,-18.1423
1.41001,-18.9806
1.42001,-19.8448
1.43001,-20.7355
1.44001,-21.6533
1.45001,-22.599
1.46001,-23.5734
1.47001,-24.5771
1.48001,-25.6109
1.49001,-26.6756
1.50001,-27.7719
1.51001,-28.9007
1.52001,-30.0627
1.53001,-31.2587
1.54001,-32.4897
1.55001,-33.7564
1.56001,-35.0597
1.57001,-36.4005
1.58001,-37.7796
1.59001,-39.1979
1.60001,-40.6564
1.61001,-42.1559
1.62001,-43.6973
1.63001,-45.2817
1.64001,-46.9099
1.65001,-48.5828
1.66001,-50.3015
1.67001,-52.0668
1.68001,-53.8798
1.69001,-55.7414
1.70001,-57.6526
1.71001,-59.6144
1.72001,-61.6276
1.73001,-63.6934
1.74001,-65.8127
1.75001,-67.9864
1.76001,-70.2155
1.77001,-72.501
1.78001,-74.8439
1.79001,-77.2451
1.80001,-79.7055
1.81001,-82.2261
1.82001,-84.8078
1.83001,-87.4515
1.84001,-90.1581
1.85001,-92.9284
1.86001,-95.7634
1.87001,-98.6638
1.88001,-101.63
1.89001,-104.664
1.90001,-107.766
1.91001,-110.936
1.92001,-114.175
1.93001,-117.484
1.94001,-120.863
1.95001,-124.314
1.96001,-127.836
1.97001,-131.43
1.98001,-135.096
1.99001,-138.836
2.00001,-142.648
2.01001,-146.534
2.02001,-150.493
2.03001,-154.526
2.04001,-158.632
2.05001,-162.812
2.06001,-167.066
2.07001,-171.393
2.08001,-175.793
2.09001,-180.265
2.10001,-184.81
2.11001,-189.426
2.12001,-194.112
2.13001,-198.869
2.14001,-203.694
2.15001,-208.588
2.16001,-213.548
2.17001,-218.573
2.18001,-223.662
2.19001,-228.813
2.20001,-234.024
2.21001,-239.294
2.22001,-244.62
2.23001,-249.999
2.24001,-255.43
2.25001,-260.909
2.26001,-266.434
2.27001,-272.001
2.28001,-277.608
2.29001,-283.25
2.30001,-288.923
2.31001,-294.624
2.32001,-300.349
2.33001,-306.092
2.34001,-311.849
2.35001,-317.614
2.36001,-323.383
2.37001,-329.149
2.38001,-334.907
2.39001,-340.649
2.40001,-346.37
2.41001,-352.062
2.42001,-357.717
2.43001,-363.329
2.44001,-368.888
2.45001,-374.386
2.46001,-379.814
2.47001,-385.163
2.48001,-390.422
2.49001,-395.582
2.50001,-400.631
2.51001,-405.558
2.52001,-410.352
2.53001,-415
2.54001,-419.489
2.55001,-423.806
2.56001,-427.936
2.57001,-431.866
2.58001,-435.58
2.59001,-439.063
2.60001,-442.298
2.61001,-445.268
2.62001,-447.955
2.63001,-450.341
2.64001,-452.407
2.65001,-454.133
2.66001,-455.498
2.67001,-456.481
2.68001,-457.06
2.69001,-457.212
2.70001,-456.914
2.71001,-456.139
2.72001,-454.864
2.73001,-453.061
2.74001,-450.703
2.75001,-447.762
2.76001,-444.208
2.77001,-440.012
2.78001,-435.141
2.79001,-429.563
2.80001,-423.245
2.81001,-416.153
2.82001,-408.249
2.83001,-399.498
2.84001,-389.862
2.85001,-379.3
2.86001,-367.772
2.87001,-355.237
2.88001,-341.651
2.89001,-326.969
2.90001,-311.145
2.91001,-294.133
2.92001,-275.882
2.93001,-256.343
2.94001,-235.463
2.95001,-213.19
2.96001,-189.468
2.97001,-164.24
2.98001,-137.448
2.99001,-109.031
3.00001,-78.9288
3.01001,-47.0762
3.02001,-13.4081
3.03001,22.1429
3.04001,59.6462
3.05001,99.1731
3.06001,140.797
3.07001,184.593
3.08001,230.639
3.09001,279.015
3.10001,329.802
3.11001,383.085
3.12001,438.949
3.13001,497.484
3.14001,558.781
3.15001,622.933
3.16001,690.037
3.17001,760.19
3.18001,833.495
3.19001,910.055
3.20001,989.976
3.21001,1073.37
3.22001,1160.34
